01 1	26055.926
01 2	13742.349
02 1	32229.012
02 2	20149.742
04 1	27431.875
04 2	16459.414
05 1	22505.5
05 2	13314.34
06 1	33249.605
06 2	19937.791
08 1	36056.6
08 2	20378.242
09 1	46186.363
09 2	24518.768
10 1	31221.01
10 2	20337.555
11 1	49089.438
11 2	34815.953
12 1	27154.102
12 2	16200.222
13 1	30128.166
13 2	17199.566
15 1	29503.672
15 2	18707.734
42 1	29948.596
42 2	17209.535
44 1	33005.934
44 2	20567.838
45 1	25476.072
45 2	14762.9795
46 1	23586.361
46 2	14977.803
47 1	26335.059
47 2	15157.53
48 1	32523.76
48 2	17289.816
49 1	34298.934
49 2	14604.423
50 1	26704.1
50 2	18266.008
51 1	39528.41
51 2	22614.096
53 1	34740.355
53 2	19076.506
54 1	23502.465
54 2	12577.732
55 1	28179.842
55 2	17825.111
56 1	32871.312
56 2	16743.576

